image_width: 2048
image_height: 1536
camera_name: head_cam
camera_matrix:
  rows: 3
  cols: 3
  data: [904.252829, 0.000000, 1087.269448, 0.000000, 900.406778, 647.191021, 0.000000, 0.000000, 1.000000]
distortion_model: plumb_bob
distortion_coefficients:
  rows: 1
  cols: 5
  data: [-0.287932, 0.050694, 0.001883, -0.005138, 0.000000]
rectification_matrix:
  rows: 3
  cols: 3
  data: [1.000000, 0.000000, 0.000000, 0.000000, 1.000000, 0.000000, 0.000000, 0.000000, 1.000000]
projection_matrix:
  rows: 3
  cols: 4
  data: [626.475708, 0.000000, 1091.475787, 0.000000, 0.000000, 672.085632, 608.905349, 0.000000, 0.000000, 0.000000, 1.000000, 0.000000]
