image: ignc-test3.pgm
resolution: 0.100000
origin: [-19.200000, -15.000000, 0.000000]
negate: 0
occupied_thresh: 0.65
free_thresh: 0.196

