image_width: 1280
image_height: 960
camera_name: head_cam
camera_matrix:
  rows: 3
  cols: 3
  data: [801.320994, 0.000000, 650.558894, 0.000000, 809.347977, 430.852033, 0.000000, 0.000000, 1.000000]
distortion_model: plumb_bob
distortion_coefficients:
  rows: 1
  cols: 5
  data: [-0.608775, 0.237201, -0.002415, -0.009173, 0.000000]
rectification_matrix:
  rows: 3
  cols: 3
  data: [1.000000, 0.000000, 0.000000, 0.000000, 1.000000, 0.000000, 0.000000, 0.000000, 1.000000]
projection_matrix:
  rows: 3
  cols: 4
  data: [552.031250, 0.000000, 653.677989, 0.000000, 0.000000, 582.214111, 402.358005, 0.000000, 0.000000, 0.000000, 1.000000, 0.000000]
