image_width: 2048
image_height: 1536
camera_name: head_cam
camera_matrix:
  rows: 3
  cols: 3
  data: [1426.863084, 0.000000, 1018.057604, 0.000000, 1438.083228, 861.896821, 0.000000, 0.000000, 1.000000]
distortion_model: plumb_bob
distortion_coefficients:
  rows: 1
  cols: 5
  data: [-0.375800, 0.117816, -0.001489, 0.000172, 0.000000]
rectification_matrix:
  rows: 3
  cols: 3
  data: [1.000000, 0.000000, 0.000000, 0.000000, 1.000000, 0.000000, 0.000000, 0.000000, 1.000000]
projection_matrix:
  rows: 3
  cols: 4
  data: [1081.453247, 0.000000, 1015.392498, 0.000000, 0.000000, 1250.792847, 888.457578, 0.000000, 0.000000, 0.000000, 1.000000, 0.000000]
