range/min: 0.1
range/max: 30
angle/min: -2.35618
angle/max: 2.35618
angle/increment: 0.00654497212
laser/frame: front_laser
