range/min: 0.12
range/max: 3.5
angle/min: 0
angle/max: 6.28318977355957
angle/increment: 0.01750190893
laser/frame: base_scan
