image: lab-corridor-new-tb3.pgm
resolution: 0.050000
origin: [-14.400000, -12.800000, 0.000000]
negate: 0
occupied_thresh: 0.65
free_thresh: 0.196

