image_width: 2048
image_height: 1536
camera_name: head_cam
camera_matrix:
  rows: 3
  cols: 3
  data: [845.812494, 0.000000, 1103.001583, 0.000000, 832.140012, 720.133169, 0.000000, 0.000000, 1.000000]
distortion_model: plumb_bob
distortion_coefficients:
  rows: 1
  cols: 5
  data: [-0.254630, 0.036200, 0.003246, 0.000355, 0.000000]
rectification_matrix:
  rows: 3
  cols: 3
  data: [1.000000, 0.000000, 0.000000, 0.000000, 1.000000, 0.000000, 0.000000, 0.000000, 1.000000]
projection_matrix:
  rows: 3
  cols: 4
  data: [653.072021, 0.000000, 1065.820759, 0.000000, 0.000000, 606.541748, 714.918738, 0.000000, 0.000000, 0.000000, 1.000000, 0.000000]
